100
2 50
2 5
320 75
728 33
1000 1
716 10
1000 4
2 96
124 68
500 44
1000 98
1000 96
319 10
226 22
537 11
143 26
823 3
555 27
950 63
428 98
712 1
740 92
424 35
2 97
950 95
824 54
744 3
2 2
911 80
958 86
894 97
598 42
387 98
115 64
755 11
892 10
551 71
362 76
363 69
398 61
965 51
580 93
793 69
289 65
289 48
1000 5
582 60
507 14
635 54
30 46
355 11
918 38
565 89
2 95
1000 95
440 28
508 54
492 78
492 12
494 92
642 34
1000 2
270 26
2 3
816 86
108 30
70 56
239 20
839 51
169 3
772 5
81 39
1000 3
2 99
1000 99
906 56
2 4
924 39
1000 97
838 46
413 35
745 5
3 10
871 75
786 52
915 30
397 40
13 37
633 94
875 93
2 98
451 5
484 74
2 1
808 71
204 41
758 85
991 9
446 2
373 46
